<!DOCTYPE html>
<html lang="en">
<head>
  <meta charset="utf-8">
  <title>Feature Correlation Heatmap</title>
  <style>
    body { font-family: -apple-system, BlinkMacSystemFont, 'Segoe UI', sans-serif; margin: 24px; }
    table { border-collapse: collapse; }
    th, td { border: 1px solid #ddd; padding: 6px; text-align: center; font-size: 12px; }
    th { position: sticky; top: 0; background: #fafafa; }
  </style>
</head>
<body>
  <h1>Feature Correlation Heatmap</h1>
  <p>Correlation coefficients (Pearson r) between numeric features. Reds indicate positive correlation, blues indicate negative.</p>
  <div style="overflow:auto; max-width: 100%;">
    <table>
      <tr><th>Feature</th><th>radius_mean</th><th>texture_mean</th><th>perimeter_mean</th><th>area_mean</th><th>smoothness_mean</th><th>compactness_mean</th><th>concavity_mean</th><th>concave points_mean</th><th>symmetry_mean</th><th>fractal_dimension_mean</th><th>radius_se</th><th>texture_se</th><th>perimeter_se</th><th>area_se</th><th>smoothness_se</th><th>compactness_se</th><th>concavity_se</th><th>concave points_se</th><th>symmetry_se</th><th>fractal_dimension_se</th><th>radius_worst</th><th>texture_worst</th><th>perimeter_worst</th><th>area_worst</th><th>smoothness_worst</th><th>compactness_worst</th><th>concavity_worst</th><th>concave points_worst</th><th>symmetry_worst</th><th>fractal_dimension_worst</th></tr>
      <tr><th>radius_mean</th><td style="background:#ff0000;">1.00</td><td style="background:#ffadad;">0.32</td><td style="background:#ff0101;">1.00</td><td style="background:#ff0404;">0.99</td><td style="background:#ffd4d4;">0.17</td><td style="background:#ff7e7e;">0.51</td><td style="background:#ff5353;">0.68</td><td style="background:#ff2e2e;">0.82</td><td style="background:#ffdada;">0.15</td><td style="background:#b0b0ff;">-0.31</td><td style="background:#ff5252;">0.68</td><td style="background:#e7e7ff;">-0.10</td><td style="background:#ff5454;">0.67</td><td style="background:#ff4444;">0.74</td><td style="background:#c7c7ff;">-0.22</td><td style="background:#ffcbcb;">0.21</td><td style="background:#ffcece;">0.19</td><td style="background:#ffa0a0;">0.38</td><td style="background:#e5e5ff;">-0.10</td><td style="background:#f5f5ff;">-0.04</td><td style="background:#ff0808;">0.97</td><td style="background:#ffb4b4;">0.30</td><td style="background:#ff0909;">0.97</td><td style="background:#ff1010;">0.94</td><td style="background:#ffe1e1;">0.12</td><td style="background:#ff9696;">0.41</td><td style="background:#ff7979;">0.53</td><td style="background:#ff4242;">0.74</td><td style="background:#ffd6d6;">0.16</td><td style="background:#fffefe;">0.01</td></tr>
      <tr><th>texture_mean</th><td style="background:#ffadad;">0.32</td><td style="background:#ff0000;">1.00</td><td style="background:#ffabab;">0.33</td><td style="background:#ffaeae;">0.32</td><td style="background:#fafaff;">-0.02</td><td style="background:#ffc3c3;">0.24</td><td style="background:#ffb2b2;">0.30</td><td style="background:#ffb5b5;">0.29</td><td style="background:#ffeded;">0.07</td><td style="background:#ececff;">-0.08</td><td style="background:#ffb9b9;">0.28</td><td style="background:#ff9d9d;">0.39</td><td style="background:#ffb8b8;">0.28</td><td style="background:#ffbdbd;">0.26</td><td style="background:#fffefe;">0.01</td><td style="background:#ffcfcf;">0.19</td><td style="background:#ffdbdb;">0.14</td><td style="background:#ffd6d6;">0.16</td><td style="background:#fffdfd;">0.01</td><td style="background:#fff2f2;">0.05</td><td style="background:#ffa6a6;">0.35</td><td style="background:#ff1717;">0.91</td><td style="background:#ffa4a4;">0.36</td><td style="background:#ffa8a8;">0.34</td><td style="background:#ffecec;">0.08</td><td style="background:#ffb9b9;">0.28</td><td style="background:#ffb3b3;">0.30</td><td style="background:#ffb4b4;">0.30</td><td style="background:#ffe5e5;">0.11</td><td style="background:#ffe1e1;">0.12</td></tr>
      <tr><th>perimeter_mean</th><td style="background:#ff0101;">1.00</td><td style="background:#ffabab;">0.33</td><td style="background:#ff0000;">1.00</td><td style="background:#ff0404;">0.99</td><td style="background:#ffcbcb;">0.21</td><td style="background:#ff7171;">0.56</td><td style="background:#ff4949;">0.72</td><td style="background:#ff2727;">0.85</td><td style="background:#ffd1d1;">0.18</td><td style="background:#bdbdff;">-0.26</td><td style="background:#ff4f4f;">0.69</td><td style="background:#e9e9ff;">-0.09</td><td style="background:#ff4f4f;">0.69</td><td style="background:#ff4242;">0.74</td><td style="background:#ccccff;">-0.20</td><td style="background:#ffc0c0;">0.25</td><td style="background:#ffc5c5;">0.23</td><td style="background:#ff9898;">0.41</td><td style="background:#ebebff;">-0.08</td><td style="background:#fefeff;">-0.01</td><td style="background:#ff0808;">0.97</td><td style="background:#ffb2b2;">0.30</td><td style="background:#ff0808;">0.97</td><td style="background:#ff0f0f;">0.94</td><td style="background:#ffd9d9;">0.15</td><td style="background:#ff8b8b;">0.46</td><td style="background:#ff7070;">0.56</td><td style="background:#ff3b3b;">0.77</td><td style="background:#ffcfcf;">0.19</td><td style="background:#fff2f2;">0.05</td></tr>
      <tr><th>area_mean</th><td style="background:#ff0404;">0.99</td><td style="background:#ffaeae;">0.32</td><td style="background:#ff0404;">0.99</td><td style="background:#ff0000;">1.00</td><td style="background:#ffd2d2;">0.18</td><td style="background:#ff8080;">0.50</td><td style="background:#ff5151;">0.69</td><td style="background:#ff2e2e;">0.82</td><td style="background:#ffd9d9;">0.15</td><td style="background:#b7b7ff;">-0.28</td><td style="background:#ff4545;">0.73</td><td style="background:#efefff;">-0.07</td><td style="background:#ff4646;">0.73</td><td style="background:#ff3333;">0.80</td><td style="background:#d5d5ff;">-0.17</td><td style="background:#ffc9c9;">0.21</td><td style="background:#ffcbcb;">0.21</td><td style="background:#ffa1a1;">0.37</td><td style="background:#ededff;">-0.07</td><td style="background:#fafaff;">-0.02</td><td style="background:#ff0a0a;">0.96</td><td style="background:#ffb6b6;">0.29</td><td style="background:#ff0b0b;">0.96</td><td style="background:#ff0b0b;">0.96</td><td style="background:#ffe0e0;">0.12</td><td style="background:#ff9c9c;">0.39</td><td style="background:#ff7d7d;">0.51</td><td style="background:#ff4747;">0.72</td><td style="background:#ffdbdb;">0.14</td><td style="background:#ffffff;">0.00</td></tr>
      <tr><th>smoothness_mean</th><td style="background:#ffd4d4;">0.17</td><td style="background:#fafaff;">-0.02</td><td style="background:#ffcbcb;">0.21</td><td style="background:#ffd2d2;">0.18</td><td style="background:#ff0000;">1.00</td><td style="background:#ff5757;">0.66</td><td style="background:#ff7a7a;">0.52</td><td style="background:#ff7272;">0.55</td><td style="background:#ff7171;">0.56</td><td style="background:#ff6a6a;">0.58</td><td style="background:#ffb3b3;">0.30</td><td style="background:#ffeeee;">0.07</td><td style="background:#ffb4b4;">0.30</td><td style="background:#ffc1c1;">0.25</td><td style="background:#ffabab;">0.33</td><td style="background:#ffaeae;">0.32</td><td style="background:#ffc0c0;">0.25</td><td style="background:#ff9e9e;">0.38</td><td style="background:#ffcccc;">0.20</td><td style="background:#ffb7b7;">0.28</td><td style="background:#ffc9c9;">0.21</td><td style="background:#fff6f6;">0.04</td><td style="background:#ffc3c3;">0.24</td><td style="background:#ffcbcb;">0.21</td><td style="background:#ff3232;">0.81</td><td style="background:#ff8787;">0.47</td><td style="background:#ff9191;">0.43</td><td style="background:#ff7f7f;">0.50</td><td style="background:#ff9b9b;">0.39</td><td style="background:#ff8080;">0.50</td></tr>
      <tr><th>compactness_mean</th><td style="background:#ff7e7e;">0.51</td><td style="background:#ffc3c3;">0.24</td><td style="background:#ff7171;">0.56</td><td style="background:#ff8080;">0.50</td><td style="background:#ff5757;">0.66</td><td style="background:#ff0000;">1.00</td><td style="background:#ff1e1e;">0.88</td><td style="background:#ff2c2c;">0.83</td><td style="background:#ff6666;">0.60</td><td style="background:#ff6f6f;">0.57</td><td style="background:#ff8181;">0.50</td><td style="background:#fff4f4;">0.05</td><td style="background:#ff7474;">0.55</td><td style="background:#ff8b8b;">0.46</td><td style="background:#ffdddd;">0.14</td><td style="background:#ff4343;">0.74</td><td style="background:#ff6e6e;">0.57</td><td style="background:#ff5c5c;">0.64</td><td style="background:#ffc5c5;">0.23</td><td style="background:#ff7e7e;">0.51</td><td style="background:#ff7777;">0.54</td><td style="background:#ffc0c0;">0.25</td><td style="background:#ff6969;">0.59</td><td style="background:#ff7e7e;">0.51</td><td style="background:#ff6f6f;">0.57</td><td style="background:#ff2323;">0.87</td><td style="background:#ff2f2f;">0.82</td><td style="background:#ff3030;">0.82</td><td style="background:#ff7d7d;">0.51</td><td style="background:#ff5050;">0.69</td></tr>
      <tr><th>concavity_mean</th><td style="background:#ff5353;">0.68</td><td style="background:#ffb2b2;">0.30</td><td style="background:#ff4949;">0.72</td><td style="background:#ff5151;">0.69</td><td style="background:#ff7a7a;">0.52</td><td style="background:#ff1e1e;">0.88</td><td style="background:#ff0000;">1.00</td><td style="background:#ff1515;">0.92</td><td style="background:#ff8080;">0.50</td><td style="background:#ffaaaa;">0.34</td><td style="background:#ff5e5e;">0.63</td><td style="background:#ffecec;">0.08</td><td style="background:#ff5757;">0.66</td><td style="background:#ff6262;">0.62</td><td style="background:#ffe6e6;">0.10</td><td style="background:#ff5555;">0.67</td><td style="background:#ff4f4f;">0.69</td><td style="background:#ff5151;">0.68</td><td style="background:#ffd2d2;">0.18</td><td style="background:#ff8d8d;">0.45</td><td style="background:#ff5050;">0.69</td><td style="background:#ffb3b3;">0.30</td><td style="background:#ff4545;">0.73</td><td style="background:#ff5353;">0.68</td><td style="background:#ff8d8d;">0.45</td><td style="background:#ff3f3f;">0.75</td><td style="background:#ff1e1e;">0.88</td><td style="background:#ff2424;">0.86</td><td style="background:#ff9797;">0.41</td><td style="background:#ff7c7c;">0.51</td></tr>
      <tr><th>concave points_mean</th><td style="background:#ff2e2e;">0.82</td><td style="background:#ffb5b5;">0.29</td><td style="background:#ff2727;">0.85</td><td style="background:#ff2e2e;">0.82</td><td style="background:#ff7272;">0.55</td><td style="background:#ff2c2c;">0.83</td><td style="background:#ff1515;">0.92</td><td style="background:#ff0000;">1.00</td><td style="background:#ff8a8a;">0.46</td><td style="background:#ffd5d5;">0.17</td><td style="background:#ff4d4d;">0.70</td><td style="background:#fffafa;">0.02</td><td style="background:#ff4a4a;">0.71</td><td style="background:#ff4f4f;">0.69</td><td style="background:#fff8f8;">0.03</td><td style="background:#ff8282;">0.49</td><td style="background:#ff9090;">0.44</td><td style="background:#ff6363;">0.62</td><td style="background:#ffe7e7;">0.10</td><td style="background:#ffbebe;">0.26</td><td style="background:#ff2c2c;">0.83</td><td style="background:#ffb5b5;">0.29</td><td style="background:#ff2525;">0.86</td><td style="background:#ff3131;">0.81</td><td style="background:#ff8c8c;">0.45</td><td style="background:#ff5555;">0.67</td><td style="background:#ff4040;">0.75</td><td style="background:#ff1717;">0.91</td><td style="background:#ffa0a0;">0.38</td><td style="background:#ffa1a1;">0.37</td></tr>
      <tr><th>symmetry_mean</th><td style="background:#ffdada;">0.15</td><td style="background:#ffeded;">0.07</td><td style="background:#ffd1d1;">0.18</td><td style="background:#ffd9d9;">0.15</td><td style="background:#ff7171;">0.56</td><td style="background:#ff6666;">0.60</td><td style="background:#ff8080;">0.50</td><td style="background:#ff8a8a;">0.46</td><td style="background:#ff0000;">1.00</td><td style="background:#ff8585;">0.48</td><td style="background:#ffb2b2;">0.30</td><td style="background:#ffdfdf;">0.13</td><td style="background:#ffafaf;">0.31</td><td style="background:#ffc6c6;">0.22</td><td style="background:#ffd0d0;">0.19</td><td style="background:#ff9494;">0.42</td><td style="background:#ffa8a8;">0.34</td><td style="background:#ff9b9b;">0.39</td><td style="background:#ff8d8d;">0.45</td><td style="background:#ffabab;">0.33</td><td style="background:#ffd0d0;">0.19</td><td style="background:#ffe8e8;">0.09</td><td style="background:#ffc8c8;">0.22</td><td style="background:#ffd2d2;">0.18</td><td style="background:#ff9393;">0.43</td><td style="background:#ff8787;">0.47</td><td style="background:#ff9191;">0.43</td><td style="background:#ff9292;">0.43</td><td style="background:#ff4d4d;">0.70</td><td style="background:#ff9090;">0.44</td></tr>
      <tr><th>fractal_dimension_mean</th><td style="background:#b0b0ff;">-0.31</td><td style="background:#ececff;">-0.08</td><td style="background:#bdbdff;">-0.26</td><td style="background:#b7b7ff;">-0.28</td><td style="background:#ff6a6a;">0.58</td><td style="background:#ff6f6f;">0.57</td><td style="background:#ffaaaa;">0.34</td><td style="background:#ffd5d5;">0.17</td><td style="background:#ff8585;">0.48</td><td style="background:#ff0000;">1.00</td><td style="background:#ffffff;">0.00</td><td style="background:#ffd6d6;">0.16</td><td style="background:#fff5f5;">0.04</td><td style="background:#e9e9ff;">-0.09</td><td style="background:#ff9999;">0.40</td><td style="background:#ff7171;">0.56</td><td style="background:#ff8e8e;">0.45</td><td style="background:#ffa8a8;">0.34</td><td style="background:#ffa8a8;">0.35</td><td style="background:#ff5050;">0.69</td><td style="background:#bfbfff;">-0.25</td><td style="background:#f2f2ff;">-0.05</td><td style="background:#cbcbff;">-0.21</td><td style="background:#c4c4ff;">-0.23</td><td style="background:#ff7f7f;">0.50</td><td style="background:#ff8b8b;">0.46</td><td style="background:#ffa7a7;">0.35</td><td style="background:#ffd3d3;">0.18</td><td style="background:#ffaaaa;">0.33</td><td style="background:#ff3c3c;">0.77</td></tr>
      <tr><th>radius_se</th><td style="background:#ff5252;">0.68</td><td style="background:#ffb9b9;">0.28</td><td style="background:#ff4f4f;">0.69</td><td style="background:#ff4545;">0.73</td><td style="background:#ffb3b3;">0.30</td><td style="background:#ff8181;">0.50</td><td style="background:#ff5e5e;">0.63</td><td style="background:#ff4d4d;">0.70</td><td style="background:#ffb2b2;">0.30</td><td style="background:#ffffff;">0.00</td><td style="background:#ff0000;">1.00</td><td style="background:#ffc9c9;">0.21</td><td style="background:#ff0707;">0.97</td><td style="background:#ff0d0d;">0.95</td><td style="background:#ffd6d6;">0.16</td><td style="background:#ffa5a5;">0.36</td><td style="background:#ffabab;">0.33</td><td style="background:#ff7d7d;">0.51</td><td style="background:#ffc2c2;">0.24</td><td style="background:#ffc5c5;">0.23</td><td style="background:#ff4949;">0.72</td><td style="background:#ffcece;">0.19</td><td style="background:#ff4848;">0.72</td><td style="background:#ff4040;">0.75</td><td style="background:#ffdbdb;">0.14</td><td style="background:#ffb6b6;">0.29</td><td style="background:#ff9e9e;">0.38</td><td style="background:#ff7878;">0.53</td><td style="background:#ffe7e7;">0.09</td><td style="background:#fff3f3;">0.05</td></tr>
      <tr><th>texture_se</th><td style="background:#e7e7ff;">-0.10</td><td style="background:#ff9d9d;">0.39</td><td style="background:#e9e9ff;">-0.09</td><td style="background:#efefff;">-0.07</td><td style="background:#ffeeee;">0.07</td><td style="background:#fff4f4;">0.05</td><td style="background:#ffecec;">0.08</td><td style="background:#fffafa;">0.02</td><td style="background:#ffdfdf;">0.13</td><td style="background:#ffd6d6;">0.16</td><td style="background:#ffc9c9;">0.21</td><td style="background:#ff0000;">1.00</td><td style="background:#ffc7c7;">0.22</td><td style="background:#ffe3e3;">0.11</td><td style="background:#ff9a9a;">0.40</td><td style="background:#ffc4c4;">0.23</td><td style="background:#ffcece;">0.19</td><td style="background:#ffc5c5;">0.23</td><td style="background:#ff9797;">0.41</td><td style="background:#ffb8b8;">0.28</td><td style="background:#e3e3ff;">-0.11</td><td style="background:#ff9797;">0.41</td><td style="background:#e5e5ff;">-0.10</td><td style="background:#eaeaff;">-0.08</td><td style="background:#ededff;">-0.07</td><td style="background:#e8e8ff;">-0.09</td><td style="background:#eeeeff;">-0.07</td><td style="background:#e1e1ff;">-0.12</td><td style="background:#dfdfff;">-0.13</td><td style="background:#f4f4ff;">-0.05</td></tr>
      <tr><th>perimeter_se</th><td style="background:#ff5454;">0.67</td><td style="background:#ffb8b8;">0.28</td><td style="background:#ff4f4f;">0.69</td><td style="background:#ff4646;">0.73</td><td style="background:#ffb4b4;">0.30</td><td style="background:#ff7474;">0.55</td><td style="background:#ff5757;">0.66</td><td style="background:#ff4a4a;">0.71</td><td style="background:#ffafaf;">0.31</td><td style="background:#fff5f5;">0.04</td><td style="background:#ff0707;">0.97</td><td style="background:#ffc7c7;">0.22</td><td style="background:#ff0000;">1.00</td><td style="background:#ff1010;">0.94</td><td style="background:#ffd9d9;">0.15</td><td style="background:#ff9595;">0.42</td><td style="background:#ffa3a3;">0.36</td><td style="background:#ff7272;">0.56</td><td style="background:#ffbcbc;">0.27</td><td style="background:#ffc1c1;">0.24</td><td style="background:#ff4e4e;">0.70</td><td style="background:#ffcccc;">0.20</td><td style="background:#ff4848;">0.72</td><td style="background:#ff4545;">0.73</td><td style="background:#ffdede;">0.13</td><td style="background:#ffa8a8;">0.34</td><td style="background:#ff9595;">0.42</td><td style="background:#ff7272;">0.55</td><td style="background:#ffe3e3;">0.11</td><td style="background:#ffeaea;">0.09</td></tr>
      <tr><th>area_se</th><td style="background:#ff4444;">0.74</td><td style="background:#ffbdbd;">0.26</td><td style="background:#ff4242;">0.74</td><td style="background:#ff3333;">0.80</td><td style="background:#ffc1c1;">0.25</td><td style="background:#ff8b8b;">0.46</td><td style="background:#ff6262;">0.62</td><td style="background:#ff4f4f;">0.69</td><td style="background:#ffc6c6;">0.22</td><td style="background:#e9e9ff;">-0.09</td><td style="background:#ff0d0d;">0.95</td><td style="background:#ffe3e3;">0.11</td><td style="background:#ff1010;">0.94</td><td style="background:#ff0000;">1.00</td><td style="background:#ffecec;">0.08</td><td style="background:#ffb7b7;">0.28</td><td style="background:#ffbaba;">0.27</td><td style="background:#ff9595;">0.42</td><td style="background:#ffdddd;">0.13</td><td style="background:#ffdfdf;">0.13</td><td style="background:#ff3e3e;">0.76</td><td style="background:#ffcdcd;">0.20</td><td style="background:#ff3d3d;">0.76</td><td style="background:#ff3131;">0.81</td><td style="background:#ffe0e0;">0.13</td><td style="background:#ffb7b7;">0.28</td><td style="background:#ff9d9d;">0.39</td><td style="background:#ff7676;">0.54</td><td style="background:#ffeded;">0.07</td><td style="background:#fffbfb;">0.02</td></tr>
      <tr><th>smoothness_se</th><td style="background:#c7c7ff;">-0.22</td><td style="background:#fffefe;">0.01</td><td style="background:#ccccff;">-0.20</td><td style="background:#d5d5ff;">-0.17</td><td style="background:#ffabab;">0.33</td><td style="background:#ffdddd;">0.14</td><td style="background:#ffe6e6;">0.10</td><td style="background:#fff8f8;">0.03</td><td style="background:#ffd0d0;">0.19</td><td style="background:#ff9999;">0.40</td><td style="background:#ffd6d6;">0.16</td><td style="background:#ff9a9a;">0.40</td><td style="background:#ffd9d9;">0.15</td><td style="background:#ffecec;">0.08</td><td style="background:#ff0000;">1.00</td><td style="background:#ffaaaa;">0.34</td><td style="background:#ffbbbb;">0.27</td><td style="background:#ffacac;">0.33</td><td style="background:#ff9696;">0.41</td><td style="background:#ff9393;">0.43</td><td style="background:#c5c5ff;">-0.23</td><td style="background:#ececff;">-0.07</td><td style="background:#c8c8ff;">-0.22</td><td style="background:#d1d1ff;">-0.18</td><td style="background:#ffafaf;">0.31</td><td style="background:#f1f1ff;">-0.06</td><td style="background:#f1f1ff;">-0.06</td><td style="background:#e5e5ff;">-0.10</td><td style="background:#e4e4ff;">-0.11</td><td style="background:#ffe6e6;">0.10</td></tr>
      <tr><th>compactness_se</th><td style="background:#ffcbcb;">0.21</td><td style="background:#ffcfcf;">0.19</td><td style="background:#ffc0c0;">0.25</td><td style="background:#ffc9c9;">0.21</td><td style="background:#ffaeae;">0.32</td><td style="background:#ff4343;">0.74</td><td style="background:#ff5555;">0.67</td><td style="background:#ff8282;">0.49</td><td style="background:#ff9494;">0.42</td><td style="background:#ff7171;">0.56</td><td style="background:#ffa5a5;">0.36</td><td style="background:#ffc4c4;">0.23</td><td style="background:#ff9595;">0.42</td><td style="background:#ffb7b7;">0.28</td><td style="background:#ffaaaa;">0.34</td><td style="background:#ff0000;">1.00</td><td style="background:#ff3333;">0.80</td><td style="background:#ff4242;">0.74</td><td style="background:#ff9b9b;">0.39</td><td style="background:#ff3333;">0.80</td><td style="background:#ffcbcb;">0.20</td><td style="background:#ffdbdb;">0.14</td><td style="background:#ffbdbd;">0.26</td><td style="background:#ffcdcd;">0.20</td><td style="background:#ffc6c6;">0.23</td><td style="background:#ff5252;">0.68</td><td style="background:#ff5d5d;">0.64</td><td style="background:#ff8484;">0.48</td><td style="background:#ffb9b9;">0.28</td><td style="background:#ff6969;">0.59</td></tr>
      <tr><th>concavity_se</th><td style="background:#ffcece;">0.19</td><td style="background:#ffdbdb;">0.14</td><td style="background:#ffc5c5;">0.23</td><td style="background:#ffcbcb;">0.21</td><td style="background:#ffc0c0;">0.25</td><td style="background:#ff6e6e;">0.57</td><td style="background:#ff4f4f;">0.69</td><td style="background:#ff9090;">0.44</td><td style="background:#ffa8a8;">0.34</td><td style="background:#ff8e8e;">0.45</td><td style="background:#ffabab;">0.33</td><td style="background:#ffcece;">0.19</td><td style="background:#ffa3a3;">0.36</td><td style="background:#ffbaba;">0.27</td><td style="background:#ffbbbb;">0.27</td><td style="background:#ff3333;">0.80</td><td style="background:#ff0000;">1.00</td><td style="background:#ff3b3b;">0.77</td><td style="background:#ffb1b1;">0.31</td><td style="background:#ff4646;">0.73</td><td style="background:#ffd0d0;">0.19</td><td style="background:#ffe6e6;">0.10</td><td style="background:#ffc6c6;">0.23</td><td style="background:#ffcfcf;">0.19</td><td style="background:#ffd5d5;">0.17</td><td style="background:#ff8484;">0.48</td><td style="background:#ff5757;">0.66</td><td style="background:#ff8f8f;">0.44</td><td style="background:#ffcdcd;">0.20</td><td style="background:#ff8f8f;">0.44</td></tr>
      <tr><th>concave points_se</th><td style="background:#ffa0a0;">0.38</td><td style="background:#ffd6d6;">0.16</td><td style="background:#ff9898;">0.41</td><td style="background:#ffa1a1;">0.37</td><td style="background:#ff9e9e;">0.38</td><td style="background:#ff5c5c;">0.64</td><td style="background:#ff5151;">0.68</td><td style="background:#ff6363;">0.62</td><td style="background:#ff9b9b;">0.39</td><td style="background:#ffa8a8;">0.34</td><td style="background:#ff7d7d;">0.51</td><td style="background:#ffc5c5;">0.23</td><td style="background:#ff7272;">0.56</td><td style="background:#ff9595;">0.42</td><td style="background:#ffacac;">0.33</td><td style="background:#ff4242;">0.74</td><td style="background:#ff3b3b;">0.77</td><td style="background:#ff0000;">1.00</td><td style="background:#ffb0b0;">0.31</td><td style="background:#ff6464;">0.61</td><td style="background:#ffa4a4;">0.36</td><td style="background:#ffe9e9;">0.09</td><td style="background:#ff9b9b;">0.39</td><td style="background:#ffa8a8;">0.34</td><td style="background:#ffc9c9;">0.22</td><td style="background:#ff8c8c;">0.45</td><td style="background:#ff7373;">0.55</td><td style="background:#ff6666;">0.60</td><td style="background:#ffdbdb;">0.14</td><td style="background:#ffb0b0;">0.31</td></tr>
      <tr><th>symmetry_se</th><td style="background:#e5e5ff;">-0.10</td><td style="background:#fffdfd;">0.01</td><td style="background:#ebebff;">-0.08</td><td style="background:#ededff;">-0.07</td><td style="background:#ffcccc;">0.20</td><td style="background:#ffc5c5;">0.23</td><td style="background:#ffd2d2;">0.18</td><td style="background:#ffe7e7;">0.10</td><td style="background:#ff8d8d;">0.45</td><td style="background:#ffa8a8;">0.35</td><td style="background:#ffc2c2;">0.24</td><td style="background:#ff9797;">0.41</td><td style="background:#ffbcbc;">0.27</td><td style="background:#ffdddd;">0.13</td><td style="background:#ff9696;">0.41</td><td style="background:#ff9b9b;">0.39</td><td style="background:#ffb1b1;">0.31</td><td style="background:#ffb0b0;">0.31</td><td style="background:#ff0000;">1.00</td><td style="background:#ffa1a1;">0.37</td><td style="background:#dfdfff;">-0.13</td><td style="background:#ececff;">-0.08</td><td style="background:#e5e5ff;">-0.10</td><td style="background:#e3e3ff;">-0.11</td><td style="background:#fcfcff;">-0.01</td><td style="background:#fff0f0;">0.06</td><td style="background:#fff6f6;">0.04</td><td style="background:#f8f8ff;">-0.03</td><td style="background:#ff9c9c;">0.39</td><td style="background:#ffecec;">0.08</td></tr>
      <tr><th>fractal_dimension_se</th><td style="background:#f5f5ff;">-0.04</td><td style="background:#fff2f2;">0.05</td><td style="background:#fefeff;">-0.01</td><td style="background:#fafaff;">-0.02</td><td style="background:#ffb7b7;">0.28</td><td style="background:#ff7e7e;">0.51</td><td style="background:#ff8d8d;">0.45</td><td style="background:#ffbebe;">0.26</td><td style="background:#ffabab;">0.33</td><td style="background:#ff5050;">0.69</td><td style="background:#ffc5c5;">0.23</td><td style="background:#ffb8b8;">0.28</td><td style="background:#ffc1c1;">0.24</td><td style="background:#ffdfdf;">0.13</td><td style="background:#ff9393;">0.43</td><td style="background:#ff3333;">0.80</td><td style="background:#ff4646;">0.73</td><td style="background:#ff6464;">0.61</td><td style="background:#ffa1a1;">0.37</td><td style="background:#ff0000;">1.00</td><td style="background:#f6f6ff;">-0.04</td><td style="background:#ffffff;">-0.00</td><td style="background:#ffffff;">-0.00</td><td style="background:#fafaff;">-0.02</td><td style="background:#ffd4d4;">0.17</td><td style="background:#ff9c9c;">0.39</td><td style="background:#ff9f9f;">0.38</td><td style="background:#ffc9c9;">0.22</td><td style="background:#ffe3e3;">0.11</td><td style="background:#ff6969;">0.59</td></tr>
      <tr><th>radius_worst</th><td style="background:#ff0808;">0.97</td><td style="background:#ffa6a6;">0.35</td><td style="background:#ff0808;">0.97</td><td style="background:#ff0a0a;">0.96</td><td style="background:#ffc9c9;">0.21</td><td style="background:#ff7777;">0.54</td><td style="background:#ff5050;">0.69</td><td style="background:#ff2c2c;">0.83</td><td style="background:#ffd0d0;">0.19</td><td style="background:#bfbfff;">-0.25</td><td style="background:#ff4949;">0.72</td><td style="background:#e3e3ff;">-0.11</td><td style="background:#ff4e4e;">0.70</td><td style="background:#ff3e3e;">0.76</td><td style="background:#c5c5ff;">-0.23</td><td style="background:#ffcbcb;">0.20</td><td style="background:#ffd0d0;">0.19</td><td style="background:#ffa4a4;">0.36</td><td style="background:#dfdfff;">-0.13</td><td style="background:#f6f6ff;">-0.04</td><td style="background:#ff0000;">1.00</td><td style="background:#ffa4a4;">0.36</td><td style="background:#ff0202;">0.99</td><td style="background:#ff0505;">0.98</td><td style="background:#ffc8c8;">0.22</td><td style="background:#ff8686;">0.48</td><td style="background:#ff6d6d;">0.57</td><td style="background:#ff3737;">0.79</td><td style="background:#ffc1c1;">0.24</td><td style="background:#ffe8e8;">0.09</td></tr>
      <tr><th>texture_worst</th><td style="background:#ffb4b4;">0.30</td><td style="background:#ff1717;">0.91</td><td style="background:#ffb2b2;">0.30</td><td style="background:#ffb6b6;">0.29</td><td style="background:#fff6f6;">0.04</td><td style="background:#ffc0c0;">0.25</td><td style="background:#ffb3b3;">0.30</td><td style="background:#ffb5b5;">0.29</td><td style="background:#ffe8e8;">0.09</td><td style="background:#f2f2ff;">-0.05</td><td style="background:#ffcece;">0.19</td><td style="background:#ff9797;">0.41</td><td style="background:#ffcccc;">0.20</td><td style="background:#ffcdcd;">0.20</td><td style="background:#ececff;">-0.07</td><td style="background:#ffdbdb;">0.14</td><td style="background:#ffe6e6;">0.10</td><td style="background:#ffe9e9;">0.09</td><td style="background:#ececff;">-0.08</td><td style="background:#ffffff;">-0.00</td><td style="background:#ffa4a4;">0.36</td><td style="background:#ff0000;">1.00</td><td style="background:#ffa2a2;">0.37</td><td style="background:#ffa7a7;">0.35</td><td style="background:#ffc6c6;">0.23</td><td style="background:#ffa3a3;">0.36</td><td style="background:#ffa2a2;">0.37</td><td style="background:#ffa4a4;">0.36</td><td style="background:#ffc4c4;">0.23</td><td style="background:#ffc8c8;">0.22</td></tr>
      <tr><th>perimeter_worst</th><td style="background:#ff0909;">0.97</td><td style="background:#ffa4a4;">0.36</td><td style="background:#ff0808;">0.97</td><td style="background:#ff0b0b;">0.96</td><td style="background:#ffc3c3;">0.24</td><td style="background:#ff6969;">0.59</td><td style="background:#ff4545;">0.73</td><td style="background:#ff2525;">0.86</td><td style="background:#ffc8c8;">0.22</td><td style="background:#cbcbff;">-0.21</td><td style="background:#ff4848;">0.72</td><td style="background:#e5e5ff;">-0.10</td><td style="background:#ff4848;">0.72</td><td style="background:#ff3d3d;">0.76</td><td style="background:#c8c8ff;">-0.22</td><td style="background:#ffbdbd;">0.26</td><td style="background:#ffc6c6;">0.23</td><td style="background:#ff9b9b;">0.39</td><td style="background:#e5e5ff;">-0.10</td><td style="background:#ffffff;">-0.00</td><td style="background:#ff0202;">0.99</td><td style="background:#ffa2a2;">0.37</td><td style="background:#ff0000;">1.00</td><td style="background:#ff0606;">0.98</td><td style="background:#ffc3c3;">0.24</td><td style="background:#ff7979;">0.53</td><td style="background:#ff6262;">0.62</td><td style="background:#ff2f2f;">0.82</td><td style="background:#ffbbbb;">0.27</td><td style="background:#ffdcdc;">0.14</td></tr>
      <tr><th>area_worst</th><td style="background:#ff1010;">0.94</td><td style="background:#ffa8a8;">0.34</td><td style="background:#ff0f0f;">0.94</td><td style="background:#ff0b0b;">0.96</td><td style="background:#ffcbcb;">0.21</td><td style="background:#ff7e7e;">0.51</td><td style="background:#ff5353;">0.68</td><td style="background:#ff3131;">0.81</td><td style="background:#ffd2d2;">0.18</td><td style="background:#c4c4ff;">-0.23</td><td style="background:#ff4040;">0.75</td><td style="background:#eaeaff;">-0.08</td><td style="background:#ff4545;">0.73</td><td style="background:#ff3131;">0.81</td><td style="background:#d1d1ff;">-0.18</td><td style="background:#ffcdcd;">0.20</td><td style="background:#ffcfcf;">0.19</td><td style="background:#ffa8a8;">0.34</td><td style="background:#e3e3ff;">-0.11</td><td style="background:#fafaff;">-0.02</td><td style="background:#ff0505;">0.98</td><td style="background:#ffa7a7;">0.35</td><td style="background:#ff0606;">0.98</td><td style="background:#ff0000;">1.00</td><td style="background:#ffcaca;">0.21</td><td style="background:#ff9090;">0.44</td><td style="background:#ff7575;">0.54</td><td style="background:#ff4141;">0.75</td><td style="background:#ffcaca;">0.21</td><td style="background:#ffebeb;">0.08</td></tr>
      <tr><th>smoothness_worst</th><td style="background:#ffe1e1;">0.12</td><td style="background:#ffecec;">0.08</td><td style="background:#ffd9d9;">0.15</td><td style="background:#ffe0e0;">0.12</td><td style="background:#ff3232;">0.81</td><td style="background:#ff6f6f;">0.57</td><td style="background:#ff8d8d;">0.45</td><td style="background:#ff8c8c;">0.45</td><td style="background:#ff9393;">0.43</td><td style="background:#ff7f7f;">0.50</td><td style="background:#ffdbdb;">0.14</td><td style="background:#ededff;">-0.07</td><td style="background:#ffdede;">0.13</td><td style="background:#ffe0e0;">0.13</td><td style="background:#ffafaf;">0.31</td><td style="background:#ffc6c6;">0.23</td><td style="background:#ffd5d5;">0.17</td><td style="background:#ffc9c9;">0.22</td><td style="background:#fcfcff;">-0.01</td><td style="background:#ffd4d4;">0.17</td><td style="background:#ffc8c8;">0.22</td><td style="background:#ffc6c6;">0.23</td><td style="background:#ffc3c3;">0.24</td><td style="background:#ffcaca;">0.21</td><td style="background:#ff0000;">1.00</td><td style="background:#ff6f6f;">0.57</td><td style="background:#ff7b7b;">0.52</td><td style="background:#ff7474;">0.55</td><td style="background:#ff8282;">0.49</td><td style="background:#ff6262;">0.62</td></tr>
      <tr><th>compactness_worst</th><td style="background:#ff9696;">0.41</td><td style="background:#ffb9b9;">0.28</td><td style="background:#ff8b8b;">0.46</td><td style="background:#ff9c9c;">0.39</td><td style="background:#ff8787;">0.47</td><td style="background:#ff2323;">0.87</td><td style="background:#ff3f3f;">0.75</td><td style="background:#ff5555;">0.67</td><td style="background:#ff8787;">0.47</td><td style="background:#ff8b8b;">0.46</td><td style="background:#ffb6b6;">0.29</td><td style="background:#e8e8ff;">-0.09</td><td style="background:#ffa8a8;">0.34</td><td style="background:#ffb7b7;">0.28</td><td style="background:#f1f1ff;">-0.06</td><td style="background:#ff5252;">0.68</td><td style="background:#ff8484;">0.48</td><td style="background:#ff8c8c;">0.45</td><td style="background:#fff0f0;">0.06</td><td style="background:#ff9c9c;">0.39</td><td style="background:#ff8686;">0.48</td><td style="background:#ffa3a3;">0.36</td><td style="background:#ff7979;">0.53</td><td style="background:#ff9090;">0.44</td><td style="background:#ff6f6f;">0.57</td><td style="background:#ff0000;">1.00</td><td style="background:#ff1c1c;">0.89</td><td style="background:#ff3333;">0.80</td><td style="background:#ff6363;">0.61</td><td style="background:#ff3131;">0.81</td></tr>
      <tr><th>concavity_worst</th><td style="background:#ff7979;">0.53</td><td style="background:#ffb3b3;">0.30</td><td style="background:#ff7070;">0.56</td><td style="background:#ff7d7d;">0.51</td><td style="background:#ff9191;">0.43</td><td style="background:#ff2f2f;">0.82</td><td style="background:#ff1e1e;">0.88</td><td style="background:#ff4040;">0.75</td><td style="background:#ff9191;">0.43</td><td style="background:#ffa7a7;">0.35</td><td style="background:#ff9e9e;">0.38</td><td style="background:#eeeeff;">-0.07</td><td style="background:#ff9595;">0.42</td><td style="background:#ff9d9d;">0.39</td><td style="background:#f1f1ff;">-0.06</td><td style="background:#ff5d5d;">0.64</td><td style="background:#ff5757;">0.66</td><td style="background:#ff7373;">0.55</td><td style="background:#fff6f6;">0.04</td><td style="background:#ff9f9f;">0.38</td><td style="background:#ff6d6d;">0.57</td><td style="background:#ffa2a2;">0.37</td><td style="background:#ff6262;">0.62</td><td style="background:#ff7575;">0.54</td><td style="background:#ff7b7b;">0.52</td><td style="background:#ff1c1c;">0.89</td><td style="background:#ff0000;">1.00</td><td style="background:#ff2525;">0.86</td><td style="background:#ff7878;">0.53</td><td style="background:#ff5050;">0.69</td></tr>
      <tr><th>concave points_worst</th><td style="background:#ff4242;">0.74</td><td style="background:#ffb4b4;">0.30</td><td style="background:#ff3b3b;">0.77</td><td style="background:#ff4747;">0.72</td><td style="background:#ff7f7f;">0.50</td><td style="background:#ff3030;">0.82</td><td style="background:#ff2424;">0.86</td><td style="background:#ff1717;">0.91</td><td style="background:#ff9292;">0.43</td><td style="background:#ffd3d3;">0.18</td><td style="background:#ff7878;">0.53</td><td style="background:#e1e1ff;">-0.12</td><td style="background:#ff7272;">0.55</td><td style="background:#ff7676;">0.54</td><td style="background:#e5e5ff;">-0.10</td><td style="background:#ff8484;">0.48</td><td style="background:#ff8f8f;">0.44</td><td style="background:#ff6666;">0.60</td><td style="background:#f8f8ff;">-0.03</td><td style="background:#ffc9c9;">0.22</td><td style="background:#ff3737;">0.79</td><td style="background:#ffa4a4;">0.36</td><td style="background:#ff2f2f;">0.82</td><td style="background:#ff4141;">0.75</td><td style="background:#ff7474;">0.55</td><td style="background:#ff3333;">0.80</td><td style="background:#ff2525;">0.86</td><td style="background:#ff0000;">1.00</td><td style="background:#ff7f7f;">0.50</td><td style="background:#ff7d7d;">0.51</td></tr>
      <tr><th>symmetry_worst</th><td style="background:#ffd6d6;">0.16</td><td style="background:#ffe5e5;">0.11</td><td style="background:#ffcfcf;">0.19</td><td style="background:#ffdbdb;">0.14</td><td style="background:#ff9b9b;">0.39</td><td style="background:#ff7d7d;">0.51</td><td style="background:#ff9797;">0.41</td><td style="background:#ffa0a0;">0.38</td><td style="background:#ff4d4d;">0.70</td><td style="background:#ffaaaa;">0.33</td><td style="background:#ffe7e7;">0.09</td><td style="background:#dfdfff;">-0.13</td><td style="background:#ffe3e3;">0.11</td><td style="background:#ffeded;">0.07</td><td style="background:#e4e4ff;">-0.11</td><td style="background:#ffb9b9;">0.28</td><td style="background:#ffcdcd;">0.20</td><td style="background:#ffdbdb;">0.14</td><td style="background:#ff9c9c;">0.39</td><td style="background:#ffe3e3;">0.11</td><td style="background:#ffc1c1;">0.24</td><td style="background:#ffc4c4;">0.23</td><td style="background:#ffbbbb;">0.27</td><td style="background:#ffcaca;">0.21</td><td style="background:#ff8282;">0.49</td><td style="background:#ff6363;">0.61</td><td style="background:#ff7878;">0.53</td><td style="background:#ff7f7f;">0.50</td><td style="background:#ff0000;">1.00</td><td style="background:#ff7676;">0.54</td></tr>
      <tr><th>fractal_dimension_worst</th><td style="background:#fffefe;">0.01</td><td style="background:#ffe1e1;">0.12</td><td style="background:#fff2f2;">0.05</td><td style="background:#ffffff;">0.00</td><td style="background:#ff8080;">0.50</td><td style="background:#ff5050;">0.69</td><td style="background:#ff7c7c;">0.51</td><td style="background:#ffa1a1;">0.37</td><td style="background:#ff9090;">0.44</td><td style="background:#ff3c3c;">0.77</td><td style="background:#fff3f3;">0.05</td><td style="background:#f4f4ff;">-0.05</td><td style="background:#ffeaea;">0.09</td><td style="background:#fffbfb;">0.02</td><td style="background:#ffe6e6;">0.10</td><td style="background:#ff6969;">0.59</td><td style="background:#ff8f8f;">0.44</td><td style="background:#ffb0b0;">0.31</td><td style="background:#ffecec;">0.08</td><td style="background:#ff6969;">0.59</td><td style="background:#ffe8e8;">0.09</td><td style="background:#ffc8c8;">0.22</td><td style="background:#ffdcdc;">0.14</td><td style="background:#ffebeb;">0.08</td><td style="background:#ff6262;">0.62</td><td style="background:#ff3131;">0.81</td><td style="background:#ff5050;">0.69</td><td style="background:#ff7d7d;">0.51</td><td style="background:#ff7676;">0.54</td><td style="background:#ff0000;">1.00</td></tr>
    </table>
  </div>
</body>
</html>